[gd_scene load_steps=11 format=3 uid="uid://b2xlkrs7omxu6"]

[ext_resource type="Script" path="res://main.gd" id="1_s23jy"]
[ext_resource type="Texture2D" uid="uid://cq7j7u83p2vw1" path="res://addons/kenney_prototype_textures/orange/texture_06.png" id="2_ko5mc"]
[ext_resource type="Texture2D" uid="uid://bbi4jdm1ufop8" path="res://addons/kenney_prototype_textures/orange/texture_04.png" id="3_y6gxx"]
[ext_resource type="PackedScene" uid="uid://bjm128fnp6rbi" path="res://player/Player.tscn" id="4_4ou0f"]
[ext_resource type="Script" path="res://mouse_toggle.gd" id="4_gvofc"]

[sub_resource type="ProceduralSkyMaterial" id="ProceduralSkyMaterial_imldm"]
sky_horizon_color = Color(0.64625, 0.65575, 0.67075, 1)
ground_horizon_color = Color(0.64625, 0.65575, 0.67075, 1)

[sub_resource type="Sky" id="Sky_7j26e"]
sky_material = SubResource("ProceduralSkyMaterial_imldm")

[sub_resource type="Environment" id="Environment_hbw56"]
background_mode = 2
sky = SubResource("Sky_7j26e")
tonemap_mode = 2
ssao_enabled = true
sdfgi_enabled = true
glow_enabled = true

[sub_resource type="StandardMaterial3D" id="StandardMaterial3D_q35dk"]
albedo_texture = ExtResource("2_ko5mc")

[sub_resource type="StandardMaterial3D" id="StandardMaterial3D_4inm2"]
albedo_texture = ExtResource("3_y6gxx")

[node name="Main" type="Node"]
script = ExtResource("1_s23jy")

[node name="WorldEnvironment" type="WorldEnvironment" parent="."]
environment = SubResource("Environment_hbw56")

[node name="Map" type="CSGCombiner3D" parent="."]
material_override = SubResource("StandardMaterial3D_q35dk")
material_overlay = SubResource("StandardMaterial3D_4inm2")
use_collision = true

[node name="CSGBox3D" type="CSGBox3D" parent="Map"]
transform = Transform3D(1, 0, 0, 0, 1, 0, 0, 0, 1, 0, 0.299712, 0)
snap = 1.0
size = Vector3(50, 1, 50)

[node name="CSGBox3D2" type="CSGBox3D" parent="Map"]
transform = Transform3D(-4.37114e-08, -1, 0, 1, -4.37114e-08, 0, 0, 0, 1, -25, 3.29971, 0)
snap = 1.0
size = Vector3(6, 1, 50)

[node name="CSGBox3D5" type="CSGBox3D" parent="Map"]
transform = Transform3D(-4.37114e-08, -1, 0, 1, -4.37114e-08, 0, 0, 0, 1, 25, 3.29971, 0)
snap = 1.0
size = Vector3(6, 1, 50)

[node name="CSGBox3D3" type="CSGBox3D" parent="Map"]
transform = Transform3D(1.91069e-15, 4.37114e-08, 1, 1, -4.37114e-08, 0, 4.37114e-08, 1, -4.37114e-08, 0, 3.29971, -25)
snap = 1.0
size = Vector3(6, 1, 50)

[node name="CSGBox3D4" type="CSGBox3D" parent="Map"]
transform = Transform3D(1.91069e-15, 4.37114e-08, 1, 1, -4.37114e-08, 0, 4.37114e-08, 1, -4.37114e-08, 0, 3.29971, 25)
snap = 1.0
size = Vector3(6, 1, 50)

[node name="Players" type="Node3D" parent="."]

[node name="Player1" parent="Players" instance=ExtResource("4_4ou0f")]
transform = Transform3D(-0.5, 0, -0.866025, 0, 1, 0, 0.866025, 0, -0.5, -16, 2, -16)

[node name="Player2" parent="Players" instance=ExtResource("4_4ou0f")]
transform = Transform3D(0.707107, 0, 0.707107, 0, 1, 0, -0.707107, 0, 0.707107, 16, 2, 16)

[node name="Spawns" type="Node3D" parent="."]

[node name="Spawn1" type="Marker3D" parent="Spawns"]
transform = Transform3D(-0.5, 0, -0.866025, 0, 1, 0, 0.866025, 0, -0.5, -16, 2, -16)

[node name="Spawn2" type="Marker3D" parent="Spawns"]
transform = Transform3D(0.707107, 0, 0.707107, 0, 1, 0, -0.707107, 0, 0.707107, 16, 2, 16)

[node name="Projectiles" type="Node3D" parent="."]

[node name="Effects" type="Node3D" parent="."]

[node name="DirectionalLight3D" type="DirectionalLight3D" parent="."]
transform = Transform3D(-0.791265, 0.611294, -0.0148093, -0.495332, -0.626586, 0.601694, 0.358533, 0.483435, 0.798589, -41, 41.283, -29)
light_color = Color(0.768627, 0.882353, 0.85098, 1)
shadow_enabled = true
shadow_normal_bias = 1.674
shadow_blur = 2.413

[node name="MouseToggle" type="Node" parent="."]
script = ExtResource("4_gvofc")

[node name="Camera3D" type="Camera3D" parent="."]
transform = Transform3D(1, 0, 0, 0, -4.37114e-08, 1, 0, -1, -4.37114e-08, 0, 50.1034, 0)
fov = 61.4
size = 51.391
